43
47
51
130
98
4
20
30
804
42
10
3
707
75
3
380
90
68
707
63
50
91
10
42
80
201
28
71
452
27
33
19
25
45
68
1134
531
18
30
32
1134
4
452
10
30
30
52
30
20
40
42
56
113
14
32
56
707
24
128
102
1257
32
201
106
98
20
84
36
531
42
51
804
1257
201
201
20
10
18
314
35
77
190
1018
18
254
1018
254
79
49
60
64
380
54
54
113
254
20
150
254
65
71
28
113
152
254
531
180
53
152
804
42
37
120
908
100
171
40
314
707
1257
72
19
707
79
64
9
47
314
154
380
254
15
48
62
616
113
804
50
44
14
18
1018
160
